# TC10_9x9_dense
# 9x9 dense: 0 clues, ALL constraints. Maximum stress test.
# STAT_NOTE: Expect: only A* with inequality_chains feasible. Definitive heuristic benchmark.
# SOLUTION: 1,2,3,4,5,6,7,8,9 | 2,3,4,5,6,7,8,9,1 | 3,4,5,6,7,8,9,1,2 | 4,5,6,7,8,9,1,2,3 | 5,6,7,8,9,1,2,3,4 | 6,7,8,9,1,2,3,4,5 | 7,8,9,1,2,3,4,5,6 | 8,9,1,2,3,4,5,6,7 | 9,1,2,3,4,5,6,7,8
9
# Grid (0=empty)
0,0,0,0,0,0,0,0,0
0,0,0,0,0,0,0,0,0
0,0,0,0,0,0,0,0,0
0,0,0,0,0,0,0,0,0
0,0,0,0,0,0,0,0,0
0,0,0,0,0,0,0,0,0
0,0,0,0,0,0,0,0,0
0,0,0,0,0,0,0,0,0
0,0,0,0,0,0,0,0,0
# Horizontal constraints (1=<, -1=>)
1,1,1,1,1,1,1,1
1,1,1,1,1,1,1,-1
1,1,1,1,1,1,-1,1
1,1,1,1,1,-1,1,1
1,1,1,1,-1,1,1,1
1,1,1,-1,1,1,1,1
1,1,-1,1,1,1,1,1
1,-1,1,1,1,1,1,1
-1,1,1,1,1,1,1,1
# Vertical constraints (1=<, -1=>)
1,1,1,1,1,1,1,1,-1
1,1,1,1,1,1,1,-1,1
1,1,1,1,1,1,-1,1,1
1,1,1,1,1,-1,1,1,1
1,1,1,1,-1,1,1,1,1
1,1,1,-1,1,1,1,1,1
1,1,-1,1,1,1,1,1,1
1,-1,1,1,1,1,1,1,1