# TC09_9x9_sparse
# 9x9 sparse: 5 diagonal clues, 6 constraints. Large grid, few hints. Tests scalability.
# STAT_NOTE: Expect: BFS/DFS timeout. A* with good heuristic survives. Memory comparison critical.
# SOLUTION: 1,2,3,4,5,6,7,8,9 | 2,3,4,5,6,7,8,9,1 | 3,4,5,6,7,8,9,1,2 | 4,5,6,7,8,9,1,2,3 | 5,6,7,8,9,1,2,3,4 | 6,7,8,9,1,2,3,4,5 | 7,8,9,1,2,3,4,5,6 | 8,9,1,2,3,4,5,6,7 | 9,1,2,3,4,5,6,7,8
9
# Grid (0=empty)
1,0,0,0,0,0,0,0,0
0,0,0,0,0,0,0,0,0
0,0,5,0,0,0,0,0,0
0,0,0,0,0,0,0,0,0
0,0,0,0,9,0,0,0,0
0,0,0,0,0,0,0,0,0
0,0,0,0,0,0,4,0,0
0,0,0,0,0,0,0,0,0
0,0,0,0,0,0,0,0,8
# Horizontal constraints (1=<, -1=>)
1,0,0,0,0,0,0,0
0,0,0,0,0,0,0,0
0,0,0,0,0,0,0,0
0,0,0,0,0,0,0,0
0,0,0,0,-1,0,0,0
0,0,0,0,0,0,0,0
0,0,0,0,0,0,0,0
0,0,0,0,0,0,0,0
0,0,0,0,0,0,0,1
# Vertical constraints (1=<, -1=>)
1,0,0,0,0,0,0,0,0
0,0,0,0,0,0,0,0,0
0,0,0,0,0,0,0,0,0
0,0,0,0,0,0,0,0,0
0,0,0,0,-1,0,0,0,0
0,0,0,0,0,0,0,0,0
0,0,0,0,0,0,0,0,0
0,0,0,0,0,0,0,0,1