9
0,0,0,0,0,0,0,0,0
0,0,0,0,0,0,0,0,0
0,0,0,0,0,0,0,0,0
0,0,0,0,0,0,0,0,0
0,0,0,0,0,0,0,0,0
0,0,0,0,0,0,0,0,9
0,3,0,4,0,0,0,0,0
0,0,0,0,0,0,0,0,0
0,0,0,0,0,0,0,0,0
# Horizontal constraints
0,1,0,0,1,0,1,-1
0,0,-1,0,0,1,1,-1
-1,0,1,0,0,0,-1,0
-1,0,1,-1,-1,0,0,0
0,0,-1,0,0,1,0,0
0,0,0,0,1,0,0,0
0,0,0,0,1,-1,0,0
0,0,0,0,0,0,1,0
-1,0,1,0,0,0,0,-1
# Vertical constraints
1,0,0,0,0,0,0,-1,0
1,1,0,0,0,0,-1,0,0
1,0,0,0,1,0,0,0,1
0,0,0,0,0,0,0,0,0
-1,0,1,-1,0,0,0,1,0
0,0,0,0,0,0,0,0,0
-1,1,-1,0,-1,0,0,0,1
-1,1,0,0,-1,0,-1,-1,1
